899
482
532
819
621
877
364
762
914
93
704
509
603
311
64
91
58
889
448
726
126
361
78
231
825
592
11
699
954
29
601
754
674
929
796
822
626
308
447
775
159
660
680
160
194
418
283
435
53
417
855
846
677
396
675
763
323
885
940
367
648
715
179
79
941
732
486
18
141
837
266
478
905
575
407
290
80
426
187
348
546
572
551
671
128
150
314
800
102
50
717
199
841
870
756
511
854
695
571
390
504
221
155
871
287
659
975
755
176
216
140
269
419
840
742
711
397
374
725
282
3
780
786
815
761
9
115
556
445
441
87
168
735
375
590
325
379
380
514
137
316
429
289
15
836
97
63
528
117
281
693
491
768
265
51
345
152
449
983
591
814
35
845
357
113
935
363
471
810
853
420
557
285
245
903
378
685
329
791
688
835
663
492
892
817
710
73
568
955
550
988
90
136
896
512
750
259
467
473
104
645
506
682
598
260
676
373
586
792
970
752
802
951
701
17
985
566
336
490
474
515
508
335
485
589
356
172
10
959
661
974
413
862
537
109
982
299
37
906
154
927
670
863
57
234
765
110
393
472
614
286
541
616
931
529
690
842
564
207
851
803
69
252
909
350
264
722
213
118
623
156
68
883
689
587
442
833
466
560
678
430
127
403
326
567
893
692
351
219
948
228
740
163
843
498
613
114
151
654
4
823
770
960
479
303
913
997
84
743
859
545
422
642
401
847
368
865
772
203
579
111
463
984
733
225
71
669
294
530
686
784
901
416
319
946
392
450
488
439
559
980
256
934
436
757
456
434
243
241
907
138
195
453
39
850
182
384
751
333
565
884
790
146
438
867
868
728
625
520
279
795
408
542
789
741
709
998
404
805
165
766
347
291
839
477
596
747
181
494
208
633
334
957
495
20
922
212
101
222
235
947
580
180
123
705
730
34
210
36
28
21
861
170
533
882
999
597
641
637
8
744
808
92
476
468
860
161
206
83
49
191
26
604
33
585
745
774
444
769
497
330
365
52
813
555
630
548
944
306
105
425
891
875
121
248
522
924
24
340
904
578
184
229
42
360
576
767
758
295
263
7
650
46
505
185
139
6
1000
793
2
171
738
831
736
193
376
183
878
257
106
638
414
232
415
679
635
917
147
995
135
339
158
247
921
569
304
55
829
918
662
305
570
876
513
262
217
807
230
142
912
253
923
657
496
493
554
452
971
519
894
673
383
74
816
991
201
389
649
886
619
926
771
668
788
309
820
12
133
880
702
70
174
620
381
849
916
223
349
890
779
824
301
990
857
354
778
276
412
636
400
489
962
428
382
953
197
600
277
500
44
461
214
421
897
134
989
799
173
501
950
919
708
516
992
446
423
764
651
258
167
215
696
683
809
543
958
517
293
561
246
895
879
120
103
144
706
440
211
622
95
358
344
41
806
220
718
394
611
62
939
59
386
469
312
811
521
987
908
535
612
937
631
996
249
972
719
99
437
271
838
148
952
237
760
302
307
573
261
395
968
60
188
272
684
387
523
190
821
981
88
72
484
82
928
507
977
313
936
238
729
75
240
617
475
618
244
700
577
355
131
300
292
405
48
887
969
911
112
881
866
433
640
844
431
487
464
703
89
359
372
644
267
310
624
724
254
371
278
949
462
873
599
858
925
549
827
352
320
119
902
864
595
341
186
615
607
460
694
411
749
737
227
47
122
328
40
978
226
239
966
129
828
483
465
502
327
979
189
818
318
315
540
539
943
45
353
888
666
965
322
31
270
713
297
369
288
331
527
731
399
628
759
834
787
224
593
236
200
869
385
938
205
773
250
698
583
107
739
627
61
848
125
646
406
14
920
976
801
781
993
337
746
218
510
852
830
451
454
25
85
588
196
27
410
582
268
531
19
317
714
274
794
826
697
727
427
164
346
132
162
366
166
342
96
66
43
524
942
994
424
898
192
145
409
198
536
945
518
503
32
470
665
656
961
370
832
544
691
782
23
777
804
647
86
157
56
783
798
606
22
658
275
574
562
552
655
874
169
362
723
130
629
753
707
94
632
443
748
209
100
584
5
653
402
973
242
932
321
712
124
459
13
332
284
377
605
149
525
457
785
108
280
667
967
910
398
956
672
458
720
202
178
933
175
54
143
776
298
273
900
481
67
986
16
98
338
681
687
324
609
602
1
721
964
81
153
233
963
251
872
608
639
534
930
204
76
856
634
526
915
610
563
296
388
812
499
177
432
716
581
255
538
594
455
797
664
77
553
547
643
30
65
391
116
558
38
343
652
480
734
